SignalType=Square
Amplitude=232
Frequency=2
PointsCount=1000
time	value
0	232
0.001	232
0.002	232
0.003	232
0.004	232
0.005	232
0.006	232
0.007	232
0.008	232
0.009000000000000001	232
0.01	232
0.011	232
0.012	232
0.013000000000000001	232
0.014	232
0.015	232
0.016	232
0.017	232
0.018000000000000002	232
0.019	232
0.02	232
0.021	232
0.022	232
0.023	232
0.024	232
0.025	232
0.026000000000000002	232
0.027	232
0.028	232
0.029	232
0.03	232
0.031	232
0.032	232
0.033	232
0.034	232
0.035	232
0.036000000000000004	232
0.037	232
0.038	232
0.039	232
0.04	232
0.041	232
0.042	232
0.043000000000000003	232
0.044	232
0.045	232
0.046	232
0.047	232
0.048	232
0.049	232
0.05	232
0.051000000000000004	232
0.052000000000000005	232
0.053	232
0.054	232
0.055	232
0.056	232
0.057	232
0.058	232
0.059000000000000004	232
0.06	232
0.061	232
0.062	232
0.063	232
0.064	232
0.065	232
0.066	232
0.067	232
0.068	232
0.069	232
0.07	232
0.07100000000000001	232
0.07200000000000001	232
0.073	232
0.074	232
0.075	232
0.076	232
0.077	232
0.078	232
0.079	232
0.08	232
0.081	232
0.082	232
0.083	232
0.084	232
0.085	232
0.08600000000000001	232
0.08700000000000001	232
0.088	232
0.089	232
0.09	232
0.091	232
0.092	232
0.093	232
0.094	232
0.095	232
0.096	232
0.097	232
0.098	232
0.099	232
0.1	232
0.101	232
0.10200000000000001	232
0.10300000000000001	232
0.10400000000000001	232
0.105	232
0.106	232
0.107	232
0.108	232
0.109	232
0.11	232
0.111	232
0.112	232
0.113	232
0.114	232
0.115	232
0.116	232
0.117	232
0.11800000000000001	232
0.11900000000000001	232
0.12	232
0.121	232
0.122	232
0.123	232
0.124	232
0.125	232
0.126	232
0.127	232
0.128	232
0.129	232
0.13	232
0.131	232
0.132	232
0.133	232
0.134	232
0.135	232
0.136	232
0.137	232
0.138	232
0.139	232
0.14	232
0.14100000000000001	232
0.14200000000000002	232
0.14300000000000002	232
0.14400000000000002	232
0.145	232
0.146	232
0.147	232
0.148	232
0.149	232
0.15	232
0.151	232
0.152	232
0.153	232
0.154	232
0.155	232
0.156	232
0.157	232
0.158	232
0.159	232
0.16	232
0.161	232
0.162	232
0.163	232
0.164	232
0.165	232
0.166	232
0.167	232
0.168	232
0.169	232
0.17	232
0.171	232
0.17200000000000001	232
0.17300000000000001	232
0.17400000000000002	232
0.17500000000000002	232
0.176	232
0.177	232
0.178	232
0.179	232
0.18	232
0.181	232
0.182	232
0.183	232
0.184	232
0.185	232
0.186	232
0.187	232
0.188	232
0.189	232
0.19	232
0.191	232
0.192	232
0.193	232
0.194	232
0.195	232
0.196	232
0.197	232
0.198	232
0.199	232
0.2	232
0.201	232
0.202	232
0.203	232
0.20400000000000001	232
0.20500000000000002	232
0.20600000000000002	232
0.20700000000000002	232
0.20800000000000002	232
0.209	232
0.21	232
0.211	232
0.212	232
0.213	232
0.214	232
0.215	232
0.216	232
0.217	232
0.218	232
0.219	232
0.22	232
0.221	232
0.222	232
0.223	232
0.224	232
0.225	232
0.226	232
0.227	232
0.228	232
0.229	232
0.23	232
0.231	232
0.232	232
0.233	232
0.234	232
0.23500000000000001	232
0.23600000000000002	232
0.23700000000000002	232
0.23800000000000002	232
0.23900000000000002	232
0.24	232
0.241	232
0.242	232
0.243	232
0.244	232
0.245	232
0.246	232
0.247	232
0.248	232
0.249	232
0.25	232
0.251	-232
0.252	-232
0.253	-232
0.254	-232
0.255	-232
0.256	-232
0.257	-232
0.258	-232
0.259	-232
0.26	-232
0.261	-232
0.262	-232
0.263	-232
0.264	-232
0.265	-232
0.266	-232
0.267	-232
0.268	-232
0.269	-232
0.27	-232
0.271	-232
0.272	-232
0.273	-232
0.274	-232
0.275	-232
0.276	-232
0.277	-232
0.278	-232
0.279	-232
0.28	-232
0.281	-232
0.28200000000000003	-232
0.28300000000000003	-232
0.28400000000000003	-232
0.28500000000000003	-232
0.28600000000000003	-232
0.28700000000000003	-232
0.28800000000000003	-232
0.289	-232
0.29	-232
0.291	-232
0.292	-232
0.293	-232
0.294	-232
0.295	-232
0.296	-232
0.297	-232
0.298	-232
0.299	-232
0.3	-232
0.301	-232
0.302	-232
0.303	-232
0.304	-232
0.305	-232
0.306	-232
0.307	-232
0.308	-232
0.309	-232
0.31	-232
0.311	-232
0.312	-232
0.313	-232
0.314	-232
0.315	-232
0.316	-232
0.317	-232
0.318	-232
0.319	-232
0.32	-232
0.321	-232
0.322	-232
0.323	-232
0.324	-232
0.325	-232
0.326	-232
0.327	-232
0.328	-232
0.329	-232
0.33	-232
0.331	-232
0.332	-232
0.333	-232
0.334	-232
0.335	-232
0.336	-232
0.337	-232
0.338	-232
0.339	-232
0.34	-232
0.341	-232
0.342	-232
0.343	-232
0.34400000000000003	-232
0.34500000000000003	-232
0.34600000000000003	-232
0.34700000000000003	-232
0.34800000000000003	-232
0.34900000000000003	-232
0.35000000000000003	-232
0.35100000000000003	-232
0.352	-232
0.353	-232
0.354	-232
0.355	-232
0.356	-232
0.357	-232
0.358	-232
0.359	-232
0.36	-232
0.361	-232
0.362	-232
0.363	-232
0.364	-232
0.365	-232
0.366	-232
0.367	-232
0.368	-232
0.369	-232
0.37	-232
0.371	-232
0.372	-232
0.373	-232
0.374	-232
0.375	-232
0.376	-232
0.377	-232
0.378	-232
0.379	-232
0.38	-232
0.381	-232
0.382	-232
0.383	-232
0.384	-232
0.385	-232
0.386	-232
0.387	-232
0.388	-232
0.389	-232
0.39	-232
0.391	-232
0.392	-232
0.393	-232
0.394	-232
0.395	-232
0.396	-232
0.397	-232
0.398	-232
0.399	-232
0.4	-232
0.401	-232
0.402	-232
0.403	-232
0.404	-232
0.405	-232
0.406	-232
0.40700000000000003	-232
0.40800000000000003	-232
0.40900000000000003	-232
0.41000000000000003	-232
0.41100000000000003	-232
0.41200000000000003	-232
0.41300000000000003	-232
0.41400000000000003	-232
0.41500000000000004	-232
0.41600000000000004	-232
0.417	-232
0.418	-232
0.419	-232
0.42	-232
0.421	-232
0.422	-232
0.423	-232
0.424	-232
0.425	-232
0.426	-232
0.427	-232
0.428	-232
0.429	-232
0.43	-232
0.431	-232
0.432	-232
0.433	-232
0.434	-232
0.435	-232
0.436	-232
0.437	-232
0.438	-232
0.439	-232
0.44	-232
0.441	-232
0.442	-232
0.443	-232
0.444	-232
0.445	-232
0.446	-232
0.447	-232
0.448	-232
0.449	-232
0.45	-232
0.451	-232
0.452	-232
0.453	-232
0.454	-232
0.455	-232
0.456	-232
0.457	-232
0.458	-232
0.459	-232
0.46	-232
0.461	-232
0.462	-232
0.463	-232
0.464	-232
0.465	-232
0.466	-232
0.467	-232
0.468	-232
0.46900000000000003	-232
0.47000000000000003	-232
0.47100000000000003	-232
0.47200000000000003	-232
0.47300000000000003	-232
0.47400000000000003	-232
0.47500000000000003	-232
0.47600000000000003	-232
0.47700000000000004	-232
0.47800000000000004	-232
0.47900000000000004	-232
0.48	-232
0.481	-232
0.482	-232
0.483	-232
0.484	-232
0.485	-232
0.486	-232
0.487	-232
0.488	-232
0.489	-232
0.49	-232
0.491	-232
0.492	-232
0.493	-232
0.494	-232
0.495	-232
0.496	-232
0.497	-232
0.498	-232
0.499	-232
0.5	-232
0.501	232
0.502	232
0.503	232
0.504	232
0.505	232
0.506	232
0.507	232
0.508	232
0.509	232
0.51	232
0.511	232
0.512	232
0.513	232
0.514	232
0.515	232
0.516	232
0.517	232
0.518	232
0.519	232
0.52	232
0.521	232
0.522	232
0.523	232
0.524	232
0.525	232
0.526	232
0.527	232
0.528	232
0.529	232
0.53	232
0.531	232
0.532	232
0.533	232
0.534	232
0.535	232
0.536	232
0.537	232
0.538	232
0.539	232
0.54	232
0.541	232
0.542	232
0.543	232
0.544	232
0.545	232
0.546	232
0.547	232
0.548	232
0.549	232
0.55	232
0.551	232
0.552	232
0.553	232
0.554	232
0.555	232
0.556	232
0.557	232
0.558	232
0.559	232
0.56	232
0.561	232
0.562	232
0.5630000000000001	232
0.5640000000000001	232
0.5650000000000001	232
0.5660000000000001	232
0.5670000000000001	232
0.5680000000000001	232
0.5690000000000001	232
0.5700000000000001	232
0.5710000000000001	232
0.5720000000000001	232
0.5730000000000001	232
0.5740000000000001	232
0.5750000000000001	232
0.5760000000000001	232
0.577	232
0.578	232
0.579	232
0.58	232
0.581	232
0.582	232
0.583	232
0.584	232
0.585	232
0.586	232
0.587	232
0.588	232
0.589	232
0.59	232
0.591	232
0.592	232
0.593	232
0.594	232
0.595	232
0.596	232
0.597	232
0.598	232
0.599	232
0.6	232
0.601	232
0.602	232
0.603	232
0.604	232
0.605	232
0.606	232
0.607	232
0.608	232
0.609	232
0.61	232
0.611	232
0.612	232
0.613	232
0.614	232
0.615	232
0.616	232
0.617	232
0.618	232
0.619	232
0.62	232
0.621	232
0.622	232
0.623	232
0.624	232
0.625	232
0.626	232
0.627	232
0.628	232
0.629	232
0.63	232
0.631	232
0.632	232
0.633	232
0.634	232
0.635	232
0.636	232
0.637	232
0.638	232
0.639	232
0.64	232
0.641	232
0.642	232
0.643	232
0.644	232
0.645	232
0.646	232
0.647	232
0.648	232
0.649	232
0.65	232
0.651	232
0.652	232
0.653	232
0.654	232
0.655	232
0.656	232
0.657	232
0.658	232
0.659	232
0.66	232
0.661	232
0.662	232
0.663	232
0.664	232
0.665	232
0.666	232
0.667	232
0.668	232
0.669	232
0.67	232
0.671	232
0.672	232
0.673	232
0.674	232
0.675	232
0.676	232
0.677	232
0.678	232
0.679	232
0.68	232
0.681	232
0.682	232
0.683	232
0.684	232
0.685	232
0.686	232
0.687	232
0.6880000000000001	232
0.6890000000000001	232
0.6900000000000001	232
0.6910000000000001	232
0.6920000000000001	232
0.6930000000000001	232
0.6940000000000001	232
0.6950000000000001	232
0.6960000000000001	232
0.6970000000000001	232
0.6980000000000001	232
0.6990000000000001	232
0.7000000000000001	232
0.7010000000000001	232
0.7020000000000001	232
0.7030000000000001	232
0.704	232
0.705	232
0.706	232
0.707	232
0.708	232
0.709	232
0.71	232
0.711	232
0.712	232
0.713	232
0.714	232
0.715	232
0.716	232
0.717	232
0.718	232
0.719	232
0.72	232
0.721	232
0.722	232
0.723	232
0.724	232
0.725	232
0.726	232
0.727	232
0.728	232
0.729	232
0.73	232
0.731	232
0.732	232
0.733	232
0.734	232
0.735	232
0.736	232
0.737	232
0.738	232
0.739	232
0.74	232
0.741	232
0.742	232
0.743	232
0.744	232
0.745	232
0.746	232
0.747	232
0.748	232
0.749	232
0.75	232
0.751	-232
0.752	-232
0.753	-232
0.754	-232
0.755	-232
0.756	-232
0.757	-232
0.758	-232
0.759	-232
0.76	-232
0.761	-232
0.762	-232
0.763	-232
0.764	-232
0.765	-232
0.766	-232
0.767	-232
0.768	-232
0.769	-232
0.77	-232
0.771	-232
0.772	-232
0.773	-232
0.774	-232
0.775	-232
0.776	-232
0.777	-232
0.778	-232
0.779	-232
0.78	-232
0.781	-232
0.782	-232
0.783	-232
0.784	-232
0.785	-232
0.786	-232
0.787	-232
0.788	-232
0.789	-232
0.79	-232
0.791	-232
0.792	-232
0.793	-232
0.794	-232
0.795	-232
0.796	-232
0.797	-232
0.798	-232
0.799	-232
0.8	-232
0.801	-232
0.802	-232
0.803	-232
0.804	-232
0.805	-232
0.806	-232
0.807	-232
0.808	-232
0.809	-232
0.81	-232
0.811	-232
0.812	-232
0.8130000000000001	-232
0.8140000000000001	-232
0.8150000000000001	-232
0.8160000000000001	-232
0.8170000000000001	-232
0.8180000000000001	-232
0.8190000000000001	-232
0.8200000000000001	-232
0.8210000000000001	-232
0.8220000000000001	-232
0.8230000000000001	-232
0.8240000000000001	-232
0.8250000000000001	-232
0.8260000000000001	-232
0.8270000000000001	-232
0.8280000000000001	-232
0.8290000000000001	-232
0.8300000000000001	-232
0.8310000000000001	-232
0.8320000000000001	-232
0.833	-232
0.834	-232
0.835	-232
0.836	-232
0.837	-232
0.838	-232
0.839	-232
0.84	-232
0.841	-232
0.842	-232
0.843	-232
0.844	-232
0.845	-232
0.846	-232
0.847	-232
0.848	-232
0.849	-232
0.85	-232
0.851	-232
0.852	-232
0.853	-232
0.854	-232
0.855	-232
0.856	-232
0.857	-232
0.858	-232
0.859	-232
0.86	-232
0.861	-232
0.862	-232
0.863	-232
0.864	-232
0.865	-232
0.866	-232
0.867	-232
0.868	-232
0.869	-232
0.87	-232
0.871	-232
0.872	-232
0.873	-232
0.874	-232
0.875	-232
0.876	-232
0.877	-232
0.878	-232
0.879	-232
0.88	-232
0.881	-232
0.882	-232
0.883	-232
0.884	-232
0.885	-232
0.886	-232
0.887	-232
0.888	-232
0.889	-232
0.89	-232
0.891	-232
0.892	-232
0.893	-232
0.894	-232
0.895	-232
0.896	-232
0.897	-232
0.898	-232
0.899	-232
0.9	-232
0.901	-232
0.902	-232
0.903	-232
0.904	-232
0.905	-232
0.906	-232
0.907	-232
0.908	-232
0.909	-232
0.91	-232
0.911	-232
0.912	-232
0.913	-232
0.914	-232
0.915	-232
0.916	-232
0.917	-232
0.918	-232
0.919	-232
0.92	-232
0.921	-232
0.922	-232
0.923	-232
0.924	-232
0.925	-232
0.926	-232
0.927	-232
0.928	-232
0.929	-232
0.93	-232
0.931	-232
0.932	-232
0.933	-232
0.934	-232
0.935	-232
0.936	-232
0.937	-232
0.9380000000000001	-232
0.9390000000000001	-232
0.9400000000000001	-232
0.9410000000000001	-232
0.9420000000000001	-232
0.9430000000000001	-232
0.9440000000000001	-232
0.9450000000000001	-232
0.9460000000000001	-232
0.9470000000000001	-232
0.9480000000000001	-232
0.9490000000000001	-232
0.9500000000000001	-232
0.9510000000000001	-232
0.9520000000000001	-232
0.9530000000000001	-232
0.9540000000000001	-232
0.9550000000000001	-232
0.9560000000000001	-232
0.9570000000000001	-232
0.9580000000000001	-232
0.9590000000000001	-232
0.96	-232
0.961	-232
0.962	-232
0.963	-232
0.964	-232
0.965	-232
0.966	-232
0.967	-232
0.968	-232
0.969	-232
0.97	-232
0.971	-232
0.972	-232
0.973	-232
0.974	-232
0.975	-232
0.976	-232
0.977	-232
0.978	-232
0.979	-232
0.98	-232
0.981	-232
0.982	-232
0.983	-232
0.984	-232
0.985	-232
0.986	-232
0.987	-232
0.988	-232
0.989	-232
0.99	-232
0.991	-232
0.992	-232
0.993	-232
0.994	-232
0.995	-232
0.996	-232
0.997	-232
0.998	-232
0.999	-232
